place(4.467, 1.037, -35.987, "Scout", 726)
place(4.759, 1.037, -32.981, "Scout", 476)
place(5.823, 1.037, -30.011, "Scout", 250)
place(7.146, 1.000, -37.789, "Scout", 413)
place(7.711, 1.037, -34.739, "Scout", 163)
place(7.765, 1.037, -34.682, "Scout", 179)
place(7.765, 1.037, -34.682, "Scout", 586)
place(7.744, 1.037, -34.659, "Scout", 714)
place(7.730, 1.037, -31.421, "Scout", 544)
place(9.056, 1.037, -30.494, "Scout", 1143)
upgrade(4.467, 2.387, -35.987, 923)
upgrade(4.467, 2.387, -35.987, 783)
upgrade(4.759, 2.387, -32.981, 303)
upgrade(4.759, 2.387, -32.981, 840)
upgrade(5.823, 2.387, -30.011, 341)
upgrade(5.823, 2.387, -30.011, 1147)
upgrade(7.146, 2.350, -37.789, 647)
upgrade(7.146, 2.350, -37.789, 532)
upgrade(7.744, 2.387, -34.659, 252)
upgrade(7.744, 2.387, -34.659, 757)
upgrade(9.056, 2.387, -30.494, 486)
upgrade(9.056, 2.387, -30.494, 511)
place(10.293, 1.000, -38.109, "Commander", 147)
place(11.705, 1.037, -33.684, "Commander", 1132)
upgrade(11.705, 2.937, -33.684, 352)
place(10.135, 1.000, -38.325, "Scout", 2937)
upgrade(10.135, 2.350, -38.325, 2687)
upgrade(10.135, 2.350, -38.325, 2537)
